Case 1:
12754697
2209515
56289044
10827
5711457
65167770
43814120
36603136
51565851
10321248
22808834
20000000
37151776
26802346
41200869
83971096
69445890
73809177
70776485
34069244
38316489
36494832
14923244
54228449
11100000
20192661
18201365
56725311
23059491
24235454
29890563
2104599
5014942
73434359
47841339
57567999
72360952
13635630
26419601
22945557
61312131
42700000
16400000
3700000
46213406
42221968
55323669
911898
6814154
14557222
24290290
22497680
46154539
23800000
66757350
4112579
65621833
3121822
13600000
10733055
21484524
9846578
25404953
9940260
17600150
42573249
4400000
13700000
21300066
50200066
26600000
54300022
29137006
10319673
31133657
17126329
2000550
46625672
25329799
43548821
43691117
30211004
71632336
28079638
18472595
97866902
24969731
29283326
73874757
17916037
32500000
14800000
13600000
5106649
60527730
75381691
36741146
21220840
51986380
30477175
16294709
23526266
13135395
2433684
50613639
62575381
6738016
30298214
18018591
65756801
12756890
69414465
47576272
33023763
43038021
55511146
31900861
49300861
72200000
28000000
1908854
79697263
13110573
13630291
25439391
15624201
38808839
50721474
10900000
2710320
1600000
19786282
10405668
8801296
43689193
15520366
28900846
13100000
47108058
2700000
9422531
18033659
7950404
905781
9600000
56562481
5900066
37508510
30800000
78576347
32240720
7019390
4200300
19924748
46902310
45956450
11000000
30723821
55425651
30942639
29542683
20300000
46900000
25100000
59136287
32306950
2400000
19000397
36945350
34326941
21399803
16135126
57259173
Case 2:
70802640
0
14702409
58709900
15700000
54105632
4000000
40305773
68360289
10242718
1513875
27364772
42296188
38594506
42342153
61154898
815840
57871363
23000000
11917017
4620957
36760908
10501037
21950696
30806809
36084309
51159316
13013585
20386258
71381912
10911663
79023990
6511110
30214938
9700000
7660382
13684997
72825900
52132136
77906760
22692685
41731573
78206981
40967950
8898439
22111142
35615155
15807074
77632149
7136216
1600000
23200000
56896459
78666864
58883362
7616568
22100000
8300000
58537637
1801575
3988010
39865267
21573859
10800000
56670118
47153638
23015688
51094706
18975471
40611241
19400000
5600000
22200000
11625120
36384133
25302178
73480431
50831469
35415221
10174907
58205818
19248603
66405438
9695736
68651525
34167938
27100000
23347205
36578184
81406156
1613792
13953663
32275262
27051729
52808256
24908128
24103696
18402596
29913648
23307021
48250962
77190634
77378993
90127215
5912508
30800000
2800000
Case 3:
51567753
34861585
15781
9613782
66741533
28474736
25949798
27000000
54600000
3700000
15602701
21200000
44275667
83188813
85791386
30516198
50916394
8718531
13167011
17403078
46440585
3505398
200292
2721708
79270421
88499244
8659211
28529949
75874231
47400919
46611051
63666928
29399327
16114762
12374857
67917181
49324400
51141775
400000
13009295
7918723
17505567
1001755
23074409
49865846
74242911
76342911
28417353
53360834
13600000
13620348
17444473
50827478
5700000
14600000
70965405
6343033
14062027
8115213
26418386
10193839
76502216
41624294
59705636
82935916
7914692
27964033
53848375
41673710
23800000
81528388
18000000
11400000
20354187
11300000
13300000
16521843
84500679
3834890
55846439
63921045
65421408
58200000
81912806
88868453
3010335
61061963
4816872
29619875
40322977
21889058
82005132
54081980
54317391
19002862
6868118
66643543
706804
52072223
31202548
6175184
9753923
37259158
57704975
34600000
700448
1816470
18578236
21759313
22774491
38270901
40910339
16000000
36282868
63979170
9757521
26759859
6912615
26224519
14009165
21743817
609612
71669349
900000
23450361
47549389
45972094
39424455
29300000
43023373
18608956
46503066
14400000
12412542
4774068
35100000
33847205
50159159
36756534
65020664
8305704
5512839
2407116
19928553
71146551
70851402
39128336
5602857
65352648
11632708
704417
38601509
29869963
19055293
24702519
39879934
11037455
37800000
7049245
4722752
7537758
33600000
Case 4:
27098306
27100153
104869
10322557
23873580
66421813
70650771
85350050
4167216
53460585
42647179
19900000
1111574
70700000
31500000
44200000
34536718
51977917
66035236
30569970
60662865
29335425
1328361
9900000
12316945
13108456
15002145
6308878
83340455
77108112
44177863
32413101
24172225
44017577
27200105
19887045
9177395
33033663
9483655
45711764
21972739
35523688
11961087
400402
24734333
4700000
55065557
32065445
7715872
17700000
13344922
45151856
16525599
3812768
16566497
11617299
52155250
69746113
92848201
45830772
11900000
19700000
17800028
53500120
52918635
21400120
42000000
72950848
38184609
40327373
612231
62603355
17900000
91480170
51128032
15507031
71894462
81449050
11626399
8700000
8800000
3201168
53542566
41197670
40171378
25041974
70199613
55592272
38024753
5429745
49436112
34725010
21178933
26628028
15265816
26569082
5424084
36600000
24124550
20330266
18913536
59198323
38018954
41711431
19800000
43700325
58200000
34100000
12200000
9800171
27151923
10193526
37170455
25053392
57237152
18500435
28197499
8400000
63308024
46454791
41048514
28688012
63938083
38800696
6700000
14144744
42241409
32900000
45345640
28497732
6800259
44200000
29100000
28400000
22187958
10283232
88464503
54589280
7855733
12942522
20232231
24543030
46823848
26800000
19700000
4300000
46928003
45022357
55973315
45395516
6508363
31940408
28700040
30270210
27525606
28005156
17600000
14309184
13701583
68125642
17101864
8808970
1300000
68244682
31438342
2005010
15646919
2700000
16362171
27916349
83608461
11346097
80317381
32133818
14413462
39536119
69109211
28542805
28708541
13542805
3502275
58033370
26044360
15365524
59751900
2700000
55500000
18900000
47570809
24913320
53167284
43209954
8300000
48885101
24589643
27836015
44027875
14946000
18217822
35516988
6964572
30600000
7064930
51573824
31200000
15754093
48965643
32251721
1900000
13375639
6200000
81192047
28424168
23318188
73086930
66362188
76224242
56835158
4600493
811244
13371034
14572851
40117927
87518306
66900000
Case 5:
0
17093385
16925846
52608235
25800957
37508235
62700318
23002370
42669056
5332966
31715816
78420982
52896367
41916146
28166601
72476003
58671306
43742284
8554145
2600403
28982918
20700000
16977402
69017640
38185398
92808701
47879887
49940664
51055137
63744455
22520401
12792651
304359
2204928
67063979
75497300
9300438
34055640
36959695
36800000
9400000
29802074
62927305
31401176
3205427
20508778
35157455
24723714
60609347
65811444
9400000
6413293
42810399
58917864
76716836
32675563
86039566
37103240
94469785
3835187
400000
42523335
65800675
28435555
60926753
60000000
20778286
92041734
22274458
44764272
58598928
85472672
38641980
57578539
39026328
32266958
32561650
33358250
46954949
52857110
76424610
3100000
52390453
12901920
Case 6:
32700000
3150172
3522890
10285174
44537804
14474829
36327127
5669943
25384309
3400000
29893324
25812811
45981132
36481310
27811303
3201424
44482062
72743760
3800000
35327168
3804750
13341204
26648415
28657208
3505320
21085560
41106660
47155341
27600000
5300000
40231932
7002835
11010725
3900277
69906527
51300000
26154020
72815147
85916406
7000000
12922708
29500253
47612101
19365819
46618607
87724333
40060549
33722782
33336226
12732550
60440565
70746853
27653121
16650513
36593145
302310
4754276
39715229
27500000
37846253
19528362
32654781
2910382
19800000
21517773
25754324
23700000
46558163
2405340
12525331
21796992
25126687
53483705
27641052
22061232
54326105
8400000
49455342
17075833
12047042
18939643
400000
65356171
53639990
30045244
44711727
13661540
65675262
13810750
3300000
43947666
19314150
26626386
23805947
1604656
17502897
49398792
18200000
75301326
43101326
41707301
12802221
47287221
18950018
9800000
3015301
11213079
63935883
70247758
26815194
21743622
41284893
67007165
17528374
30845354
7300000
12500000
48101081
11800000
13464182
49484475
32717755
18100000
25543646
16314217
69619683
24431764
18851709
2000000
18623360
50821641
15964077
62911673
72808263
19694472
32874715
51276681
93562914
24343583
20442263
4200000
13795078
18500458
51158894
15923966
23300821
92703345
9869325
37113747
65234453
17300000
77115149
5700000
20642539
12300028
22936729
4927427
77713334
9403912
16900979
2501302
51113562
86003439
58632213
30103291
44469508
37200000
66208855
38968635
48762283
15973482
13574667
10124155
14414380
29758515
22570807
34398026
37399758
40720675
12362768
73907801
45177646
3800000
31849161
9436402
5429700
53564795
7551000
55875911
34408798
18622784
41101131
41289194
2000510
13107685
36417657
2313294
32240307
6000000
17006549
35999978
27583669
53249466
5736160
40000000
14234719
42285078
3902613
Case 7:
0
3700000
42592966
46868002
50475052
55820470
32907626
41800301
34775384
30064245
58156467
4000066
45272567
19012824
46600171
88642340
33914365
70414365
43360838
22200021
50928678
54327830
71934224
1000000
6309114
29713002
18036427
42755278
29017045
67176210
3226503
47312154
37791938
23079035
65801360
52574168
51133908
12223348
29466008
2000000
26700000
5300000
19200000
6309324
21423005
13965458
39883811
9710684
15653991
32588982
4163031
43725916
37100000
52202968
81628808
24367550
60381238
15800000
58568938
11400000
21000000
11900000
54224513
53886580
97010968
6200000
54223535
15338863
38175050
36534959
49609318
54705109
80126277
48307326
27944414
4402090
29994853
28948529
26352325
21661803
52010002
17514996
20338970
61573310
12859744
12109227
20800000
38075173
40116111
12408618
18268082
46138883
15143394
11742003
34707895
55217399
27300000
7000000
14479386
18000000
49700000
51486284
1300000
10839069
3221040
56806661
17560025
74893692
16020628
84095329
6557613
80785066
86533794
3300000
35922532
1011245
17534958
53490875
5834743
8700000
3307904
67311697
26829789
4500000
15445407
18835749
1401589
74781058
49259629
22805984
